2.19000
2.20400
2.27400
2.33800
2.37600
2.37000
2.30800
2.23000
2.18200
2.22200
2.29400
2.35200
2.38200
2.35600
2.28600
2.21200
2.18600
2.24400
2.31400
2.36400
2.38200
2.34000
2.26400
2.19600
2.19600
2.26400
2.33200
2.37400
2.37600
2.32000
2.24200
2.18600
2.21400
2.28600
2.34600
2.38000
2.36400
2.29800
2.22200
2.18400
2.23200
2.30600
2.36000
2.38400
2.35000
2.27800
2.20400
2.19200
2.25600
2.32400
2.37200
2.38000
2.33000
2.25400
2.19000
2.20400
2.27600
2.34000
2.38000
2.37200
2.31000
2.23400
2.18600
2.22400
2.35400
2.38400
2.35800
2.28800
2.21400
2.18800
2.24400
2.31600
2.36600
2.38400
2.34200
2.26600
2.19800
2.20000
2.26800
2.33400
2.37600
2.37800
2.32200
2.24400
2.18800
2.21400
2.28800
2.34800
2.38200
2.36800
2.30000
2.22400
2.18600
2.23600
2.30800
2.36200
2.38600
2.35000
2.27800
2.20400
2.19200
2.25600
2.32600
2.37200
2.38200
2.33200
2.25600
2.19200
2.20800
2.27800
2.34200
2.38000
2.37200
2.31000
2.23400
2.18600
2.22400
2.29600
2.35400
2.38400
2.35800
2.28800
2.21200
2.18800
2.24400
2.31600
2.36600
2.38400
2.34000
2.26600
2.19600
2.19800
2.33200
2.37400
2.37600
2.32000
2.24400
2.18600
2.21400
2.28600
2.34800
2.38200
2.36400
2.29800
2.22200
2.18400
2.23400
2.30600
2.36000
2.38200
2.34800
2.27600
2.20200
2.19000
2.25400
2.32200
2.37000
2.38000
2.32800
2.25200
2.18800
2.20400
2.27400
2.33800
2.37600
2.37000
2.30600
2.23000
2.18200
2.22200
2.29400
2.35200
2.38000
2.35600
2.28600
2.21000
2.18600
2.24200
2.31200
2.36200
2.38000
2.33600
2.26200
2.19400
2.19400
2.26200
2.32800
2.37200
2.37400
2.31600
2.24000
2.18400
2.21200
2.28400
2.34400
2.37800
2.36200
2.29600
2.21800
2.18200
2.30200
2.35600
2.38000
2.34600
2.27200
2.20000
2.19000
2.25200
2.32200
2.36800
2.37800
2.32800
2.25200
2.18800
2.20200
2.27400
2.33600
2.37600
2.36800
2.30600
2.23000
2.18200
2.22200
2.29400
2.35000
2.38000
2.35400
2.28400
2.20800
2.18400
2.24000
2.31200
2.36200
2.38000
2.33800
2.26200
2.19400
2.19600
2.26400
2.33000
2.37400
2.37400
2.31800
2.24000
2.18400
2.21200
2.28400
2.34400
2.38000
2.36400
2.29600
2.22000
2.18400
2.23200
2.30400
2.35800
2.38200
2.34800
2.27400
2.20200
2.19000
2.25400
2.32200
2.37000
2.38000
2.25400
2.19000
2.20400
2.27600
2.34000
2.37800
2.37000
2.30800
2.23200
2.18400
2.22200
2.29600
2.35400
2.38200
2.35800
2.28800
2.21200
2.18800
2.24400
2.31600
2.36600
2.38200
2.34000
2.26600
2.19600
2.19800
2.26600
2.33200
2.37600
2.37800
2.32200
2.24400
2.18800
2.21400
2.28800
2.34800
2.38200
2.36600
2.30000
2.22200
2.18400
2.23400
2.30600
2.36000
2.38400
2.35000
2.27600
2.20400
2.19200
2.25600
2.32400
2.37200
2.38000
2.33000
2.25400
2.19000
2.20600
2.27800
2.34000
2.38000
2.37200
2.31000
2.23200
2.18400
2.22400
2.29800
2.35400
2.35800
2.28800
2.21200
2.18800
2.24600
2.31600
2.36600
2.38200
2.34000
2.26600
2.19600
2.19800
2.26600
2.33200
2.37400
2.37600
2.32000
2.24200
2.18600
2.21400
2.28600
2.34600
2.38000
2.36400
2.29800
2.22000
2.18400
2.23200
2.30400
2.35800
2.38200
2.34800
2.27400
2.20200
2.19000
2.25400
2.32200
2.36800
2.37800
2.32800
2.25200
2.18800
2.20200
2.27400
2.33600
2.37600
2.36800
2.30600
2.23000
2.18200
2.22000
2.29400
2.35000
2.38000
2.35400
2.28400
2.20800
2.18400
2.24000
2.31200
2.36200
2.38000
2.33600
2.26200
2.19400
2.19600
2.26200
2.37200
2.37200
2.31600
2.24000
2.18200
2.21000
2.28200
2.34200
2.37600
2.36000
2.29400
2.21800
2.18000
2.23000
2.30200
2.35600
2.37800
2.34400
2.27200
2.20000
2.18600
2.25000
2.31800
2.36600
2.37600
2.32600
2.25000
2.18600
2.20000
2.27200
2.33600
2.37400
2.36800
2.30600
2.22800
2.18000
2.22000
2.29200
2.34800
2.37800
2.35400
2.28400
2.20800
2.18200
2.24000
2.31000
2.36200
2.37800
2.33600
2.26200
2.19200
2.19400
2.26200
2.32800
2.37000
2.37200
2.31600
2.23800
2.18200
2.21000
2.28200
2.34400
2.37800
2.36200
2.29600
2.21800
2.23000
2.30200
2.35600
2.38000
2.34600
2.27400
2.20000
2.18800
2.25200
2.32200
2.36800
2.37800
2.32800
2.25200
2.18800
2.20400
2.27400
2.33800
2.37600
2.37000
2.30800
2.23000
2.18200
2.22200
2.29400
2.35200
2.38200
2.35600
2.28600
2.21000
2.18600
2.24400
2.31400
2.36400
2.38200
2.34000
2.26400
2.19600
2.19600
2.26400
2.33200
2.37400
2.37600
2.32000
2.24200
2.18600
2.21400
2.28600
2.34600
2.38200
2.36400
2.29800
2.22200
2.18400
2.23200
2.30600
2.36000
2.38400
2.35000
2.27600
2.20400
2.19200
2.25400
2.32400
2.37000
2.38000
2.33000
2.25400
2.20400
2.27600
2.34000
2.37800
2.37200
2.31000
2.23200
2.18400
2.22400
2.29600
2.35400
2.38200
2.35800
2.28800
2.21200
2.18600
2.24400
2.31400
2.36600
2.38200
2.34000
2.26400
2.19600
2.19600
2.26600
2.33200
2.37400
2.37600
2.32000
2.24200
2.18600
2.21400
2.28600
2.34600
2.38000
2.36400
2.29800
2.22200
2.18400
2.23200
2.30400
2.35800
2.38200
2.34800
2.27400
2.20200
2.19000
2.25400
2.32200
2.36800
2.37800
2.32800
2.25200
2.18800
2.20200
2.27400
2.33800
2.37600
2.36800
2.30600
2.23000
2.22200
2.29400
2.35000
2.38000
2.35400
2.28400
2.21000
2.18400
2.24200
2.31200
2.36200
2.38000
2.33600
2.26200
2.19200
2.19400
2.26200
2.32800
2.37200
2.37200
2.31600
2.24000
2.18200
2.21000
2.28200
2.34200
2.37800
2.36200
2.29400
2.21800
2.18000
2.23000
2.30200
2.35600
2.38000
2.34400
2.27200
2.20000
2.18800
2.25000
2.31800
2.36600
2.37600
2.32600
2.25000
2.18600
2.20200
2.27200
2.33600
2.37400
2.36600
2.30400
2.22800
2.18000
2.22000
2.29200
2.35000
2.38000
2.35400
2.28400
2.20800
2.18400
2.24000
2.31000
2.36200
2.37800
2.33600
2.26000
2.19200
2.26000
2.32800
2.37000
2.37200
2.31600
2.24000
2.18200
2.21000
2.28200
2.34400
2.37800
2.36200
2.29400
2.21800
2.18000
2.23000
2.30200
2.35600
2.38000
2.34600
2.27400
2.20000
2.18800
2.25200
2.32200
2.36800
2.37800
2.32600
2.25200
2.18800
2.20200
2.27200
2.33600
2.37600
2.36800
2.30600
2.23000
2.18200
2.22000
2.29400
2.35000
2.38000
2.35400
2.28400
2.21000
2.18400
2.24200
2.31200
2.36200
2.38000
2.33800
2.26200
2.19400
2.19600
2.26400
2.33000
2.37400
2.37400
2.31800
2.24200
2.18400
2.21200
2.28400
2.34400
2.38000
2.36400
2.22000
2.18400
2.23200
2.30400
2.35800
2.38200
2.34800
2.27400
2.20200
2.19000
2.25400
2.32200
2.36800
2.37800
2.32800
2.25200
2.18800
2.20400
2.27400
2.33800
2.37800
2.37000
2.30800
2.23200
2.18400
2.22200
2.29400
2.35200
2.38200
2.35600
2.28600
2.21000
2.18600
2.24200
2.31400
2.36400
2.38200
2.33800
2.26400
2.19400
2.19600
2.26400
2.33000
2.37400
2.37600
2.31800
2.24200
2.18400
2.21200
2.28400
2.34600
2.38000
2.36400
2.29800
2.22000
2.18400
2.23200
2.30400
2.35800
2.38200
2.34800
2.27400
2.20200
2.18800
2.25200
2.32200
2.36800
2.33000
2.25200
2.18800
2.20400
2.27400
2.33800
2.37600
2.37000
2.30800
2.23000
2.18200
2.22000
2.29400
2.35000
2.38000
2.35400
2.28400
2.21000
2.18400
2.24200
2.31200
2.36200
2.38000
2.33600
2.26200
2.19200
2.19400
2.26200
2.32800
2.37200
2.37400
2.31800
2.24000
2.18400
2.21200
2.28400
2.34400
2.37800
2.36200
2.29600
2.21800
2.18000
2.23000
2.30200
2.35600
2.38000
2.34600
2.27400
2.20000
2.18800
2.25200
2.32000
2.36800
2.37600
2.32600
2.25000
2.18600
2.20000
2.27200
2.33600
2.37400
2.36800
2.30600
2.22800
2.18000
2.22000
2.29400
2.38000
2.35400
2.28400
2.20800
2.18200
2.24000
2.31000
2.36000
2.37800
2.33600
2.26200
2.19200
2.19400
2.26200
2.32800
2.37200
2.37400
2.31600
2.24000
2.18200
2.21000
2.28200
2.34400
2.37800
2.36200
2.29600
2.22000
2.18200
2.23000
2.30400
2.35600
2.38000
2.34600
2.27400
2.20000
2.18800
2.25200
2.32000
2.36800
2.37800
2.32800
2.25200
2.18800
2.20200
2.27400
2.33800
2.37600
2.36800
2.30600
2.23000
2.18200
2.22000
2.29200
2.35000
2.38000
2.35400
2.28400
