1.80200
1.74400
1.73200
1.78400
1.84000
1.88000
1.88800
1.84600
1.78400
1.73200
1.74200
1.80000
1.85400
1.88600
1.88000
1.83000
1.76600
1.72600
1.75800
1.81800
1.86600
1.89000
1.87000
1.81200
1.75200
1.72800
1.77400
1.83200
1.87400
1.89000
1.85600
1.79400
1.73800
1.73800
1.79200
1.84600
1.88400
1.88600
1.84000
1.77600
1.73000
1.80800
1.85800
1.88800
1.87600
1.82200
1.76000
1.72800
1.76600
1.82400
1.87000
1.89000
1.86400
1.80400
1.74400
1.73200
1.78200
1.84000
1.88000
1.88800
1.78600
1.73400
1.74200
1.80000
1.85200
1.88600
1.88200
1.83000
1.76800
1.72800
1.75600
1.81600
1.86400
1.89000
1.87200
1.81400
1.75200
1.72800
1.77400
1.83200
1.87600
1.89000
1.85800
1.79600
1.74000
1.73600
1.79000
1.84600
1.88200
1.88600
1.84000
1.77800
1.73000
1.74800
1.80800
1.85800
1.88800
1.87800
1.82400
1.76000
1.72800
1.76400
1.82400
1.87000
1.89200
1.86600
1.80600
1.74600
1.73200
1.78200
1.83800
1.87800
1.88800
1.85000
1.78800
1.74200
1.79800
1.85200
1.88600
1.88200
1.83200
1.77000
1.72800
1.75400
1.81400
1.86400
1.89000
1.87200
1.81600
1.75400
1.72800
1.77200
1.83000
1.87400
1.89000
1.85800
1.79800
1.74000
1.73600
1.79000
1.84400
1.88200
1.88600
1.84200
1.78000
1.73000
1.74800
1.80600
1.85800
1.88800
1.87800
1.82600
1.76200
1.72800
1.76200
1.82200
1.86800
1.89000
1.86600
1.80600
1.74600
1.73000
1.78000
1.83800
1.87800
1.89000
1.85000
1.78800
1.73400
1.74000
1.79600
1.85000
1.88600
1.88400
1.83400
1.77000
1.72800
1.75400
1.81400
1.86200
1.89000
1.87200
1.81600
1.75400
1.77000
1.82800
1.87200
1.89000
1.86000
1.79800
1.74000
1.73400
1.78800
1.84400
1.88200
1.88600
1.84400
1.78000
1.73000
1.74600
1.80400
1.85600
1.88800
1.88000
1.82600
1.76400
1.72800
1.76200
1.82200
1.86800
1.89000
1.86600
1.80800
1.74800
1.73000
1.77800
1.83600
1.87600
1.89000
1.85200
1.79000
1.73400
1.73800
1.79600
1.85000
1.88400
1.88400
1.83600
1.77200
1.72800
1.75200
1.81200
1.86200
1.89000
1.87400
1.81800
1.75600
1.72600
1.76800
1.82800
1.87200
1.89000
1.86000
1.80000
1.74000
1.73400
1.78600
1.84200
1.88200
1.88800
1.84600
1.78200
1.74600
1.80400
1.85600
1.88800
1.88000
1.82800
1.76400
1.72800
1.76000
1.82000
1.86600
1.89000
1.86800
1.81000
1.75000
1.73000
1.77800
1.83400
1.87600
1.89000
1.85400
1.79200
1.73600
1.73800
1.79400
1.84800
1.88400
1.88600
1.83800
1.77400
1.72800
1.75200
1.81000
1.86000
1.89000
1.87400
1.82000
1.75800
1.72800
1.76800
1.82800
1.87200
1.89200
1.86200
1.80200
1.74200
1.73400
1.78600
1.84200
1.88000
1.88800
1.84600
1.78400
1.73200
1.74400
1.80200
1.88600
1.88000
1.82800
1.76600
1.72600
1.76000
1.81800
1.86600
1.89200
1.87000
1.81200
1.75000
1.73000
1.77600
1.83400
1.87600
1.89000
1.85400
1.79400
1.73800
1.73800
1.79400
1.84800
1.88400
1.88600
1.83800
1.77600
1.72800
1.75000
1.81000
1.86000
1.89000
1.87600
1.82000
1.72800
1.76600
1.82600
1.87200
1.89200
1.86200
1.80200
1.74400
1.73200
1.78400
1.84000
1.88000
1.88800
1.84800
1.78600
1.73200
1.74400
1.80000
1.85400
1.88600
1.88000
1.83000
1.76600
1.72600
1.75800
1.81600
1.86400
1.89000
1.87000
1.81200
1.75200
1.73000
1.77400
1.83200
1.87600
1.89000
1.85600
1.79400
1.73800
1.73600
1.79200
1.84600
1.88400
1.88600
1.84000
1.77800
1.73000
1.75000
1.80800
1.86000
1.88800
1.87600
1.82200
1.76000
1.72600
1.76400
1.82400
1.87000
1.89000
1.86400
1.80400
1.74400
1.73200
1.78200
1.84000
1.88000
1.88800
1.78600
1.73400
1.74200
1.80000
1.85200
1.88600
1.88200
1.83200
1.76800
1.72800
1.75600
1.81600
1.86400
1.89000
1.87200
1.81400
1.75200
1.72800
1.77200
1.83200
1.87400
1.89000
1.85800
1.79600
1.73800
1.73600
1.79000
1.84400
1.88200
1.88600
1.84000
1.77800
1.73000
1.74800
1.80600
1.85800
1.88800
1.87800
1.82400
1.76000
1.72800
1.76400
1.82400
1.87000
1.89000
1.86600
1.80600
1.74600
1.73200
1.78000
1.83800
1.87800
1.89000
1.85000
1.78800
1.73400
1.74200
1.79800
1.88600
1.88200
1.83200
1.77000
1.72800
1.75400
1.81400
1.86200
1.89000
1.87200
1.81400
1.75400
1.72800
1.77200
1.83000
1.87400
1.89000
1.85800
1.79600
1.74000
1.73400
1.78800
1.84400
1.88200
1.88600
1.84200
1.77800
1.73000
1.74800
1.80600
1.85600
1.88800
1.87800
1.82400
1.76200
1.72600
1.76200
1.82200
1.86800
1.89000
1.86600
1.80600
1.74600
1.73000
1.78000
1.83600
1.87800
1.89000
1.85000
1.78800
1.74000
1.79600
1.85000
1.88600
1.88400
1.83400
1.77200
1.72800
1.75400
1.81400
1.86200
1.89000
1.87400
1.81600
1.75400
1.72800
1.77000
1.83000
1.87400
1.89000
1.86000
1.79800
1.74000
1.73400
1.78800
1.84400
1.88200
1.88800
1.84400
1.78000
1.73000
1.74600
1.80400
1.85600
1.88800
1.87800
1.82600
1.76200
1.72600
1.76200
1.82200
1.86800
1.89200
1.86800
1.80800
1.74800
1.73000
1.77800
1.83600
1.87800
1.89000
1.85200
1.79000
1.73400
1.74000
1.79600
1.85000
1.88400
1.88400
1.77200
1.72800
1.75200
1.81200
1.86200
1.89000
1.87400
1.81800
1.75600
1.72800
1.76800
1.82800
1.87200
1.89200
1.86000
1.80000
1.74200
1.73400
1.78600
1.84200
1.88000
1.88800
1.84600
1.78200
1.73200
1.74600
1.80400
1.85600
1.88800
1.88000
1.82800
1.76400
1.72800
1.76000
1.82000
1.86600
1.89000
1.86800
1.81000
1.74800
1.73000
1.77600
1.83400
1.87600
1.89000
1.85400
1.79200
1.73600
1.73800
1.79400
1.84800
1.88400
1.88400
1.83600
1.77400
1.72800
1.75200
1.81000
1.86000
1.88800
1.87400
1.81800
1.75600
1.72800
1.76800
1.82600
1.87200
1.89000
1.80200
1.74200
1.73200
1.78400
1.84000
1.88000
1.88800
1.84600
1.78400
1.73200
1.74400
1.80200
1.85400
1.88600
1.88000
1.82800
1.76600
1.72600
1.75800
1.81800
1.86600
1.89000
1.87000
1.81200
1.75000
1.73000
1.77600
1.83400
1.87600
1.89000
1.85400
1.79400
1.73600
1.73800
1.79200
1.84800
1.88400
1.88600
1.83800
1.77600
1.72800
1.75200
1.81000
1.86000
1.89000
1.87600
1.82000
1.75800
1.72800
1.76600
1.82600
1.87000
1.89200
1.86200
1.80400
1.74400
1.73200
1.78400
1.88000
1.88800
1.84800
1.78400
1.73200
1.74200
1.80000
1.85400
1.88600
1.88200
1.83000
1.76800
1.72800
1.75800
1.81800
1.86400
1.89000
1.87000
1.81200
1.75200
1.73000
1.77400
1.83200
1.87400
1.89000
1.85600
1.79400
1.73800
1.73600
1.79000
1.84600
1.88200
1.88600
1.84000
1.77600
1.73000
1.75000
1.81000
1.86000
1.88800
1.87600
1.82200
1.76000
1.72800
1.76400
1.82400
1.87000
1.89000
1.86400
1.80400
1.74400
1.73200
1.78200
1.83800
1.87800
1.88800
1.84800
1.78600
1.73200
1.74200
1.85200
1.88600
1.88200
1.83200
1.76800
1.72800
1.75800
1.81600
1.86400
1.89000
1.87200
1.81400
1.75200
1.72800
1.77200
1.83000
1.87400
1.89000
1.85800
1.79600
1.73800
1.73600
1.79000
1.84600
1.88200
1.88600
1.84000
1.77800
1.73000
1.74800
1.80600
1.85800
1.88800
1.87800
1.82400
1.76200
1.72800
1.76400
1.82400
1.87000
1.89000
1.86600
1.80600
1.74600
1.73200
1.78000
1.83800
1.87800
1.89000
1.85000
1.78800
1.73400
1.74200
1.79800
1.85200
1.88600
1.88400
1.83400
1.77000
1.72800
1.75400
1.81400
1.86400
1.89000
1.87200
1.81600
1.75400
1.72800
1.83000
1.87400
1.89000
1.85800
1.79800
1.74000
1.73400
1.78800
1.84400
1.88200
1.88600
1.84200
1.78000
1.73000
1.74800
1.80600
1.85600
1.88800
1.87800
1.82400
1.76200
1.72600
1.76200
1.82200
1.86800
1.89000
1.86600
1.80600
1.74600
1.73000
1.78000
1.83800
1.87800
1.88800
1.85000
1.78800
1.73400
1.74000
1.79600
1.85000
1.88400
1.88200
1.83400
1.77000
1.72800
1.75400
1.81200
1.86200
1.89000
1.87200
1.81600
1.75400
1.72800
1.77000
1.82800
1.87200
1.89000
1.85800
1.79800
1.74000
1.73400
1.84400
1.88200
1.88600
1.84400
1.78000
1.73000
1.74600
1.80400
1.85600
1.88800
1.88000
1.82600
1.76400
1.72800
1.76200
1.82200
1.86800
1.89000
1.86800
1.80800
1.74800
1.73000
1.77800
1.83600
1.87600
1.89000
1.85200
1.79000
1.73600
