45
43
45
34
32
24
45
43
45
34
32
24
45
43
45
34
32
24
45
43
45
34
32
24
45
43
45
34
32
24
45
43
45
34
32
24
45
43
45
34
32
24
45
43
45
34
32
24
45
43
45
34
32
24
45
43
45
34
32
24
45
43
45
34
32
24
45
43
45
34
32
24
45
43
45
34
32
24
45
43
45
34
32
24
45
43
45
34
32
24
45
43
45
34
32
24
45
43
45
34
32
24
45
43
45
34
32
24
45
43
45
34
32
24
45
43
45
34
32
24
45
43
45
34
32
24
45
43
45
34
32
24
45
43
45
34
32
24
45
43
45
34
32
24
45
43
45
34
32
24
45
43
45
34
32
24
45
43
45
34
32
24
45
43
45
34
32
24
45
43
45
34
32
24
45
43
45
34
32
24
45
43
45
34
32
24
45
43
45
34
32
24
45
43
45
34
32
24
45
43
45
34
32
24
45
43
45
34
32
24
45
43
45
34
32
24
45
43
45
34
32
24
45
43
45
34
32
24
45
43
45
34
32
24
45
43
45
34
32
24
45
43
45
34
32
24
45
43
45
34
32
24
45
43
45
34
32
24
45
43
45
34
32
24
45
43
45
34
32
24

